ID,CntryCode,Region,delta13C,delta15N,delta18O,delta2H,delta34S,Long,Lat
1,CM,Central Africa,-20.3,7.8,15.4,-52.8,7.3,14.55,12.75
2,CM,Central Africa,-25,7.7,14.9,-50.6,9.5,12.47,4.98
3,CM,Central Africa,-22.8,9.3,15,-45.5,6.7,12.47,4.98
4,CG,Central Africa,-23.7,9.2,13.6,-62.2,9.8,20.96,-1.44
5,CM,Central Africa,-24.5,7.3,15.9,-57.4,6.3,12.47,4.98
6,CM,Central Africa,-24,9.5,13.3,-65.4,6.8,9.13,4.09
7,CM,Central Africa,-25,9.6,15.2,-50,6,12.47,4.98
8,CM,Central Africa,-25,9.6,15.6,-53.1,6.2,12.47,4.98
9,GA,Central Africa,-20.7,9.1,17,-33.3,6.2,13,0
10,CM,Central Africa,-26.7,11.1,15.5,-51.6,6.8,10.2,3.13
11,CD,Central Africa,-22,7.8,15.5,-53.5,4.8,24.56,5.59
12,CD,Central Africa,-23.5,10.9,15.9,-43.2,7.7,29.5,0.45
13,CD,Central Africa,-18.2,8.6,17.4,-34.3,6.7,29.5,0.45
14,CD,Central Africa,-24.3,11.2,16,-43.3,4,18.2,-1.55
15,CD,Central Africa,-23.8,10.4,15.7,-45.1,6.8,17.42,-1.47
16,CD,Central Africa,-18,9.4,16.9,-22.6,5.3,29.29,0.29
17,CD,Central Africa,-24.7,11.4,17.1,-37.3,5.3,29.29,0.29
18,CD,Central Africa,-25.9,10.9,17.1,-39.7,6.2,18.2,-1.55
19,CD,Central Africa,-22.7,6.7,17.9,-38.5,9.5,27.52,3.45
20,CD,Central Africa,-25,11.4,15.2,-49.2,4.9,16.2,-2.06
21,CD,Central Africa,-22.8,10.2,14.8,-42,9.8,16.2,-3.4
22,CD,Central Africa,-24.8,10.5,15.4,-43.4,8.4,17.11,-1.1
23,CD,Central Africa,-24.8,11.4,16,-36.8,4.9,23.55,-1.35
24,CD,Central Africa,-24.5,10.1,16.3,-39.9,5.7,29.51,1.32
25,CD,Central Africa,-24.6,12.1,17.1,-39.9,5.2,26.23,1.52
26,CD,Central Africa,-24.6,10.7,16.8,-42.7,5.1,25.09,-0.28
27,CD,Central Africa,-23.9,9.2,16.8,-45.1,5.6,25.09,-0.28
28,CD,Central Africa,-24.1,11.3,16.6,-40.9,6.3,23.55,-1.35
29,CD,Central Africa,-24.2,9.9,16.8,-35.4,6.7,23.55,-1.35
30,RW,Central Africa,-21.2,8.2,16.1,-46.5,5.2,29.77,-2
31,CD,Central Africa,-22.1,8,18.3,-36,6.2,29.09,3.4
32,CD,Central Africa,-21.3,6.6,17.8,-32.2,11,29.09,3.4
33,CD,Central Africa,-18.5,11.2,19.3,-29.6,3.6,29.2,-0.3
34,CD,Central Africa,-22.5,9.2,15.4,-45,6.5,17.17,-3.29
35,CG,Central Africa,-23.5,10.2,13.3,-64.6,10.8,12.79,-3.01
36,CD,Central Africa,-20,7.9,17.5,-43.5,7.3,14.35,-5.17
37,CD,Central Africa,-24.1,10.2,18.2,-22.7,5.3,29.29,0.29
38,CD,Central Africa,-19.2,7.3,17.4,-46.7,7.6,25.52,-9.35
39,CD,Central Africa,-22.8,10.2,17.9,-39.5,3,22.9,3.89
40,CD,Central Africa,-24.3,10.5,18,-34.9,7.4,27.37,1.4
41,CD,Central Africa,-19.6,9.2,16,-30.5,3.9,30.26,1.23
42,CD,Central Africa,-20.8,7.9,18,-35.6,8.8,23,4
43,CD,Central Africa,-20.2,8.1,17.4,-33.6,5.1,25.26,3.4
44,CD,Central Africa,-19.6,8.9,19,-21.4,3.4,29.29,0.29
45,CD,Central Africa,-21.8,8,15.3,-50.2,7.8,14.08,-5.11
46,CD,Central Africa,-22.8,9.1,16.1,-31.8,5.7,28.56,-4.18
47,CD,Central Africa,-20.8,6.3,18.2,-38.5,6.3,22.92,3.88
48,CD,Central Africa,-23.6,7.8,16.5,-47.4,8.5,17.31,-6.32
49,CD,Central Africa,-22.9,8,17.2,-40.5,6.3,26.66,-9.2
50,CD,Central Africa,-21.5,9.8,17.1,-37.9,7.8,19.52,4.14
51,CD,Central Africa,-20,7.9,17.5,-38.8,6.4,19.52,4.14
52,CD,Central Africa,-23.3,9,16.9,-38.4,2.6,30.03,1.56
53,CD,Central Africa,-18.1,7.2,16.7,-40.5,3.2,29,4
54,CD,Central Africa,-17.7,16.3,19.7,-17.8,2.6,29.18,-0.35
55,CD,Central Africa,-21,8.3,17.5,-40.9,6.7,22.25,-7.12
56,CD,Central Africa,-21.5,8.6,17.4,-27.3,1.2,28.5,-2.3
57,CM,Central Africa,-27.6,10.5,19,-43.2,1.5,14,2
58,CD,Central Africa,-21.4,5.6,17.2,-30.7,6.3,29.09,3.4
59,CD,Central Africa,-19.7,8.2,17.5,-29.9,7.7,29.09,3.4
60,CD,Central Africa,-24.4,11.7,17.6,-29.7,3.9,29.09,3.4
61,CD,Central Africa,-20.6,8.2,16.7,-29,5,29.09,3.4
62,CD,Central Africa,-20.5,9.1,17.5,-23.1,5.5,29.09,3.4
63,CD,Central Africa,-20.9,6.9,17.8,-30.6,7.7,23.05,-7.19
64,CM,Central Africa,-25,11.7,15,-52,10.1,11.15,2.86
65,CF,Central Africa,-21.8,8.4,15.8,-43.2,3.1,18,4
66,CD,Central Africa,-22,8.7,16.5,-38.2,3.7,27.43,-4.42
67,CD,Central Africa,-21.9,8.1,16.1,-37.2,4.8,27.43,-4.42
68,CD,Central Africa,-23.1,9.9,17.6,-26.2,3.5,28.5,-1.25
69,CD,Central Africa,-19.4,8.2,17.6,-25.6,3,29.21,-1.2
70,CD,Central Africa,-18.6,8.5,17.7,-34.4,3.8,29.21,-1.2
71,CD,Central Africa,-18.2,8.4,19.2,-25.1,4.3,29.21,-1.2
72,CD,Central Africa,-19.5,9.3,16.7,-20.7,2.4,29.21,-1.2
73,CD,Central Africa,-18.6,12.7,17,-20.1,3.5,29.21,-1.2
74,CD,Central Africa,-19.1,8.5,16.5,-28.6,2.8,29.21,-1.2
75,CD,Central Africa,-19.1,11.4,17.1,-15.4,2.7,29.21,-1.2
76,CD,Central Africa,-17.4,9.8,17.6,-16.7,3.5,21.93,-1.76
77,CD,Central Africa,-22.5,10.3,17.3,-29.5,3.4,27.2,-2.4
78,CD,Central Africa,-20,9.5,16.9,-27.7,8.4,27.2,-2.4
79,CD,Central Africa,-22.4,10.9,16.3,-35.5,2.2,27.2,-2.42
80,GA,Central Africa,-21.9,8.8,14.8,-52.2,4.2,9.48,-1.9
81,GA,Central Africa,-25.3,8.4,13.6,-53.7,6.3,9.48,-1.9
82,CG,Central Africa,-25,8.5,14.7,-49.4,11.9,11.64,-4.13
83,CG,Central Africa,-24.7,11.6,15.8,-48.1,11,11.27,-3.78
84,CG,Central Africa,-25,10.2,15.8,-49.9,10.1,14.47,0
85,CG,Central Africa,-21.9,8.7,17.2,-45.1,8.6,14.47,0
86,CG,Central Africa,-24.1,7.2,13.5,-52.2,12.8,13.54,-2.82
87,CF,Central Africa,-20.2,6.5,18.9,-40.1,12.9,23,5
88,CF,Central Africa,-22.2,7.1,19.6,-41,10,23,5
89,GA,Central Africa,-26.6,10,15,-56.9,9.9,12.76,-1.18
90,TD,Central Africa,-20.2,6.5,19.1,-39.6,12.9,18,10
91,TD,Central Africa,-20.2,6.6,19.7,-37.2,11.4,18,10
92,GA,Central Africa,-23.5,7.2,19.7,-36.5,10.5,9.25,-0.52
93,CF,Central Africa,-25.6,12.8,19.7,-32.8,9.4,19,8
94,CM,Central Africa,-21.6,9.5,19.2,-33.1,9.6,14.75,12.66
95,CM,Central Africa,-21.2,5.8,19.9,-35.7,7.2,14.46,8.86
96,CM,Central Africa,-22.6,7,19.6,-45.3,8.2,14,8.59
97,CF,Central Africa,-21.4,7.4,16.9,-44.2,7.8,20.02,7.31
98,CD,Central Africa,-23.2,9.5,15.9,-33.7,6.7,27.57,2.09
99,CD,Central Africa,-24,10.5,15.4,-44.8,5.7,23.55,-1.35
100,CD,Central Africa,-22.6,8.9,15.4,-45.5,8,21.77,-2.9
101,CD,Central Africa,-20.5,7.9,18.3,-37.8,8.7,29.31,3.45
102,CD,Central Africa,-25.6,10.8,16.9,-44.4,5.7,23.55,-1.35
103,CD,Central Africa,-24.9,11.1,16.3,-48.5,5.6,23.55,-1.35
104,CD,Central Africa,-26.4,12.1,16.2,-46.3,5.7,23.2,-1
105,CD,Central Africa,-24.2,11.9,17.4,-37.8,6.8,27.18,2.25
106,CD,Central Africa,-24.2,10.2,16.9,-42.9,6.8,21.45,-1
107,CM,Central Africa,-25.8,8.2,14.6,-51.9,7.3,9.97,3.07
108,CM,Central Africa,-25.2,13.4,19.2,-36.1,9.1,15.08,2.43
109,CD,Central Africa,-18.8,9.8,20.2,-20.6,3.3,28.8,-2.24
110,CD,Central Africa,-20.1,7.5,17,-33,7.1,29.12,3.71
111,CD,Central Africa,-24.2,10.4,18.1,-38.4,7,13.02,-1.43
112,CD,Central Africa,-23.7,10.8,16,-44.8,7.1,22.33,-2.68
113,CD,Central Africa,-17.1,17.2,19.5,-8.2,3.7,29.18,-0.35
114,CD,Central Africa,-21.5,6.3,19.7,-29.4,11.2,29.12,3.71
115,CD,Central Africa,-27.1,11.2,13.7,-62,6.9,21.31,-2.34
116,CF,Central Africa,-25.7,12.8,19.8,-36.6,9,19,8
117,GA,Central Africa,-26.6,10.4,14.9,-57.1,8.2,12.76,-1.18
118,CD,Central Africa,-22.2,7.7,19.9,-36.8,5.7,12,4
119,CG,Central Africa,-23.2,8.4,18.4,-40.9,11.3,13,2
120,CG,Central Africa,-25.9,9.4,19.5,-32.8,1.5,18,1
121,SD,East Africa,-19.9,8.3,19.3,-35.9,6.2,31.75,4.8
122,SD,East Africa,-19.6,6.7,18.5,-38.5,3.8,31.75,4.083
123,TZ,East Africa,-20.1,10.7,15.4,-41.9,9.1,35.46,-3.2
124,TZ,East Africa,-21,10.1,15.4,-61,6.8,35.46,-3.2
125,TZ,East Africa,-21.3,10.1,15,-59.3,9.1,35.46,-3.2
126,TZ,East Africa,-22.7,9.1,15.6,-61.3,9.2,35.46,-3.2
127,KE,East Africa,-19.5,13.4,14.8,-27.7,9.2,38.12,-2.13
128,TZ,East Africa,-18.6,14.1,17.7,-33.6,10.5,37.63,-4.91
129,SO,East Africa,-19.9,7.3,20.6,-30.4,9.3,41.45,-1.35
130,SO,East Africa,-19.7,7.3,21.1,-35.8,8.3,41.45,-1.35
131,KE,East Africa,-20.4,10.2,14.8,-33.4,9.3,37.49,0.73
132,KE,East Africa,-22.2,9.4,9.8,-67.8,2.8,37.35,0.71
133,KE,East Africa,-19.4,12,15.3,-42.8,10.4,37.88,-2.9
134,KE,East Africa,-18.2,12.6,15.9,-36.1,11.1,39.5,-2.1
135,KE,East Africa,-21.7,5.6,19.7,-46.9,10.7,37,0
136,KE,East Africa,-19.4,11.7,18.5,-34.5,10.9,37,0
137,KE,East Africa,-18.1,12.3,20.2,-22.1,8.3,37,1
138,TZ,East Africa,-22.3,8.4,9.6,-50.8,4.4,35.22,-7.3
139,KE,East Africa,-18.2,11.5,16,-37.1,11.3,36.7,0.35
140,TZ,East Africa,-23,8.6,13.1,-45.6,5,35.22,-7.2
141,KE,East Africa,-18.2,9.1,15.2,-38.9,12.3,36.77,0.36
142,KE,East Africa,-17.5,12.1,17.7,-29.2,4.8,37.35,0.71
143,KE,East Africa,-19.6,14.7,18.3,-31,7.8,39.5,0.9
144,KE,East Africa,-17.9,14.7,15.9,-26.8,9.4,37.35,0.71
145,SD,East Africa,-19.5,6.4,16.7,-41.9,8.3,35.57,14.7
146,TZ,East Africa,-25,10.8,15.5,-52.5,3.7,35.4,-7.2
147,TZ,East Africa,-21.5,6.9,16.5,-53.5,3.1,35.33,-7.2
148,TZ,East Africa,-24.4,12.3,15.1,-50.9,5.6,35.33,-7.2
149,TZ,East Africa,-19.7,8.3,14.9,-49.5,3.4,35.33,-7.2
150,TZ,East Africa,-20,8.4,14.8,-50.8,6.2,35.33,-7.2
151,TZ,East Africa,-22.1,9.5,16.5,-56.7,5.4,35.33,-7.2
152,TZ,East Africa,-24.4,10.2,16.4,-63.1,4.2,35.33,-7.2
153,TZ,East Africa,-20.8,6.4,15.5,-55.7,13.9,35.33,-7.3
154,UG,East Africa,-19.7,6.9,16.3,-46,9.7,32.22,2.14
155,UG,East Africa,-18.4,10.7,18.5,-28,12.9,32.22,2.11
156,SS,East Africa,-21.5,7.6,19.2,-24.9,8.9,33.04,7.44
157,SS,East Africa,-21.3,7.3,18.4,-28.5,10.2,33.04,7.44
158,MZ,Southern Africa,-19.9,8.8,20.4,-24,17.3,32.12,-22.97
159,AO,Southern Africa,-22.1,8,17.3,-40.5,12.6,20,-17
160,ZM,Southern Africa,-18,9,14.8,-56.4,10,32.02,-12.12
161,AO,Southern Africa,-21,7.8,17.5,-44.3,13.8,20,-17
162,MW,Southern Africa,-17.2,7,18,-55.8,9.4,33.14,-12.73
163,AO,Southern Africa,-20.8,8.9,16.8,-52.1,11.7,20,-17
164,ZM,Southern Africa,-17,8.8,15.6,-51.3,5.4,31,-13.87
165,ZM,Southern Africa,-17.3,9.4,19.2,-39.4,10.6,31.21,-13.62
166,ZM,Southern Africa,-18.7,7.5,19.3,-43.7,9.9,31.21,-13.62
167,MW,Southern Africa,-20.8,5.6,15,-54.2,10.2,33.13,-12.91
168,MW,Southern Africa,-20.5,7.7,17.5,-44.1,10.8,33.13,-12.91
169,MW,Southern Africa,-20.3,6.2,15.8,-51.9,11.4,33.13,-12.91
170,MW,Southern Africa,-22.1,7.3,14.7,-54.4,12.8,35.25,-14.48
171,MW,Southern Africa,-22.2,6.1,18.6,-45.1,10.4,33.45,-11.02
172,MW,Southern Africa,-18.7,8.4,17.3,-38.7,10.6,33.13,-12.91
173,MW,Southern Africa,-20.4,6.4,14.9,-51,10.1,33.13,-12.91
174,MW,Southern Africa,-20.7,6.1,15.8,-57,10.2,33.62,-11.91
175,MW,Southern Africa,-17.3,6.8,15.6,-50.5,9.3,34.1,-12.91
176,MW,Southern Africa,-20.2,6.3,16.3,-47.3,11.3,33.13,-12.91
177,MW,Southern Africa,-21.6,5.9,14.7,-60.9,6.7,34.1,-12.91
178,ZA,Southern Africa,-21,11.1,18.9,-46.9,10.2,28.67,-25
179,ZA,Southern Africa,-19.8,11,17.9,-47,8.8,28.67,-25
180,MW,Southern Africa,-19.2,6,17.5,-50.5,10.9,33.13,-12.91
181,MW,Southern Africa,-22.2,6.3,16.4,-48.4,5,34.1,-12.91
182,ZA,Southern Africa,-19.4,9,17.7,-33.6,17.4,31.16,-22.83
183,MW,Southern Africa,-21.1,6.1,13.7,-57.7,10.2,33.13,-12.91
184,ZA,Southern Africa,-19.4,9,18.2,-41.8,16.1,22.69,-33.48
185,MW,Southern Africa,-19,5.7,16.5,-46.2,11,33.13,-12.91
186,MW,Southern Africa,-22.2,8.1,16.5,-55.9,11.3,35.51,-14.95
187,MW,Southern Africa,-19.7,8.1,15.6,-48.5,10.7,35.33,-14.95
188,MZ,Southern Africa,-18,8.9,15.5,-52.2,8.5,34.34,-18.66
189,MZ,Southern Africa,-19.3,9.4,16.9,-54.6,12.9,34.34,-18.66
190,MW,Southern Africa,-21.5,6.2,16.3,-52,6.1,34.1,-12.91
191,MW,Southern Africa,-19.6,7.6,16.4,-49.1,9,35.25,-14.48
192,MW,Southern Africa,-22.6,6.8,14.2,-59.6,8.3,34.46,-14.19
193,MW,Southern Africa,-20.1,9.5,14.8,-44.8,9.2,33.45,-11.02
194,MW,Southern Africa,-23,5.1,17.5,-44.5,7.6,34.1,-12.91
195,ZA,Southern Africa,-19.4,8.9,18.7,-23.8,16.9,26.31,-24.76
196,MW,Southern Africa,-22.6,5.9,14.7,-54.4,9.5,33.13,-12.91
197,MW,Southern Africa,-19.4,6.9,15.9,-57.5,10,33.13,-12.91
198,MW,Southern Africa,-21.1,5.8,15,-53,10.3,33.13,-12.91
199,MW,Southern Africa,-20.6,6.6,15.3,-54.3,3.7,33.45,-11.02
200,ZA,Southern Africa,-18.9,8.9,18.4,-25.1,17.8,26.31,-24.76
201,ZA,Southern Africa,-20,7.5,18.6,-19.7,16.2,27.07,-25.24
202,ZA,Southern Africa,-18.5,9,17.6,-20.1,16.8,31.66,-24.09
203,MW,Southern Africa,-20.4,9,17.1,-49.7,10.1,35.51,-14.95
204,NAM,Southern Africa,-21,12,18.5,-36.9,13.2,18.24,-18.13
205,NAM,Southern Africa,-20.5,8.8,19.5,-43,11.4,18.24,-18.13
206,ZA,Southern Africa,-17.8,9.5,18,-28.5,16.5,31.16,-22.83
207,MW,Southern Africa,-20.7,6.7,15.9,-58,12.3,33.5,-11.03
208,ZW,Southern Africa,-22.3,8,16.7,-41.1,12.8,30.21,-15.78
209,ZW,Southern Africa,-19.3,10.4,17.9,-30.1,7.9,28.33,-17.25
210,MW,Southern Africa,-20.4,5.7,17.1,-52.3,10.4,33.13,-12.91
211,MW,Southern Africa,-20.2,6.6,16.9,-51.4,10.4,33.13,-12.91
212,MW,Southern Africa,-21.5,6.2,15.6,-55.7,10,35.33,-14.9
213,ZA,Southern Africa,-17.9,9.2,17.5,-29.2,17.4,31.76,-25.12
214,ZA,Southern Africa,-22.6,8.6,17.4,-40.8,16.5,30.86,-28.5
215,ZW,Southern Africa,-19.4,9.1,15.9,-48.7,9.6,29.88,-15.61
216,ZW,Southern Africa,-20.6,8.8,13.6,-61.1,7.4,31.65,-16.3
217,MW,Southern Africa,-23.1,6.6,14,-60.2,5.2,34.46,-14.19
218,MW,Southern Africa,-23.2,6.3,17.3,-45.1,8.4,33.45,-11.02
219,ZA,Southern Africa,-18.7,8.7,18.9,-30.5,16.4,26.31,-24.76
220,ZA,Southern Africa,-21,9.3,18.6,-34.4,17.6,31.66,-25.23
221,ZA,Southern Africa,-21.4,10.3,17,-33.8,11.8,30.63,-29.81
222,ZA,Southern Africa,-18.2,8.6,15.1,-47.3,18.3,26.31,-24.76
223,ZW,Southern Africa,-21.4,9.7,18.4,-44.4,8.1,30,-21.55
224,ZW,Southern Africa,-20,8.6,19.4,-39,9.9,30,-21.65
225,ZA,Southern Africa,-19.4,8.8,16.6,-38.4,13.4,31.16,-22.83
226,ZW,Southern Africa,-22.2,10.4,15.1,-47.6,12.3,26.1,-18.9
227,ZW,Southern Africa,-19.2,9.2,19.3,-31.3,13.2,31.93,-20.72
228,BW,Southern Africa,-22.6,8.6,12.2,-51,5.4,29.02,-22.12
229,NAM,Southern Africa,-21.3,9,16.8,-55.7,10,22.82,-17.95
230,ZA,Southern Africa,-18.7,8.6,17.4,-32.6,17.5,26.31,-24.76
231,ZA,Southern Africa,-18.9,8.4,16.1,-44,18.5,26.31,-24.76
232,ZA,Southern Africa,-20.6,9.2,18.2,-35.9,17.1,31.16,-22.83
233,ZW,Southern Africa,-20.7,9.1,15.4,-53.8,7,29.2,-17.2
234,MW,Southern Africa,-19.7,6.8,14.8,-57.6,8.3,33.91,-12.75
235,BW,Southern Africa,-21.2,11.6,16.1,-38.8,12.3,22.46,-19.58
236,NAM,Southern Africa,-21.1,9.5,16.9,-38.8,12.4,21.8,-18.1
237,ZA,Southern Africa,-21,8.3,16.4,-40.4,13.9,30.63,-29.81
238,ZA,Southern Africa,-18.3,9.5,17.8,-34.3,10.7,30.63,-29.81
239,ZW,Southern Africa,-21.2,11.2,15.6,-55.9,8.2,30,-15.67
240,MZ,Southern Africa,-20.1,7.5,16.2,-35,9.7,37.44,-13.3
241,MZ,Southern Africa,-20.8,5.7,15,-43.6,6.9,37.55,-13.3
242,ZA,Southern Africa,-18.4,9,19.2,-22,18.2,26.31,-24.76
243,ZA,Southern Africa,-18.5,7.2,18,-32.4,16.2,31.16,-22.83
244,ZA,Southern Africa,-20.1,8.2,17,-46.6,15.8,31.45,-23.83
245,ZA,Southern Africa,-19,8,17.6,-29,15.7,31.66,-25.23
246,ZA,Southern Africa,-19,9,18.2,-33.1,17.3,31.66,-25.23
247,ZA,Southern Africa,-21.1,7.8,17.3,-42.8,13.8,31.66,-25.23
248,ZA,Southern Africa,-19.4,8.6,17.3,-26.2,14.5,31.16,-22.83
249,ZA,Southern Africa,-19.2,8.4,17.4,-26,17.7,31.16,-22.83
250,ZA,Southern Africa,-18.7,8.5,18,-26.9,17.6,31.16,-22.83
251,MZ,Southern Africa,-22,7.8,15.5,-39.5,10.1,38.22,-12.18
252,MZ,Southern Africa,-20.8,7,15.4,-40,7.5,39,-11.18
253,ZA,Southern Africa,-21.5,9.2,16.4,-38.6,15.2,31.84,-28.3
254,ZA,Southern Africa,-21.7,9,16.2,-38.6,15.4,31.84,-28.3
255,MZ,Southern Africa,-23.3,7.4,15.2,-45.8,9.1,37.84,-12.308
256,MZ,Southern Africa,-22.1,8,16.2,-44.5,7.6,37.84,-12.308
257,ZA,Southern Africa,-21,10,16.7,-34.4,15.1,31.84,-28.3
258,ZA,Southern Africa,-21,7.9,18.5,-41,13.9,32.29,-28.01
259,ZA,Southern Africa,-21.2,8.7,18.2,-36.3,12.8,32.29,-28.01
260,ZA,Southern Africa,-19.5,8.6,18.9,-30.9,14.1,31.66,-25.23
261,ZA,Southern Africa,-18.8,7,18,-43.7,16.9,31.16,-22.83
262,ZW,Southern Africa,-20.8,7,16.6,-43.8,5.2,29.15,-16.31
263,MZ,Southern Africa,-21.6,8,14.3,-38.5,6.1,37.35,-12
264,MZ,Southern Africa,-23.1,7,15.5,-45.2,8.6,37.84,-12.3
265,ZW,Southern Africa,-19.7,9.4,19.4,-39.5,13.6,31.93,-20.72
266,ZA,Southern Africa,-21.8,6.6,18.1,-42.4,10,31.29,-27.51
267,ZA,Southern Africa,-20,8,17.3,-40.3,6.9,27.07,-25.24
268,ZA,Southern Africa,-21.5,7.6,19.9,-29.1,5.9,27.07,-25.24
269,ZW,Southern Africa,-19.8,11.6,20.4,-22.8,16.4,31.25,-22.04
270,ZA,Southern Africa,-22.1,6.5,17.9,-37.8,10.7,31.29,-27.51
271,ZA,Southern Africa,-21.4,7.1,18.3,-39.9,11.8,31.29,-27.51
272,ZA,Southern Africa,-21.2,7,17.7,-42.2,11.1,31.29,-27.51
273,ZA,Southern Africa,-21.4,7.1,16.9,-41,10.8,31.29,-27.51
274,ZA,Southern Africa,-21.4,7.2,17,-37.8,11.1,31.29,-27.51
275,ZA,Southern Africa,-21.4,7.2,16,-39.9,10.5,31.29,-27.51
276,ZA,Southern Africa,-19.1,8.5,18.7,-25.6,15,31.45,-23.83
277,ZA,Southern Africa,-20.7,8.2,18.1,-34.6,8.2,26.31,-24.76
278,ZA,Southern Africa,-20,9,17.8,-38.2,8.9,26.31,-24.76
279,MZ,Southern Africa,-19.7,7.3,16.4,-46.3,8.9,31.15,-14.86
280,MZ,Southern Africa,-22.3,8.5,16,-38.3,5.6,37.64,-12.44
281,MZ,Southern Africa,-21.9,9,13.7,-38.2,9.6,38.51,-12
282,MZ,Southern Africa,-22.4,8.5,14.7,-34.9,5.6,38.51,-12
283,MZ,Southern Africa,-20.2,8.1,16.6,-38.9,5.6,37.15,-12.29
284,BW,Southern Africa,-21.6,11.4,17.7,-50,16,23.34,-19.8
285,BW,Southern Africa,-21.8,11.1,18.6,-37,14.9,23.34,-19.8
286,BW,Southern Africa,-21.1,10.3,17.1,-27.2,12.8,27.73,-21.89
287,ZA,Southern Africa,-20.3,11.3,17.7,-30,12.8,29.41,-22.2
288,ZA,Southern Africa,-21.9,7.7,17.2,-38.4,8.3,27.07,-25.24
289,ZA,Southern Africa,-21,7.3,17.2,-36.1,8.3,27.07,-25.24
290,MZ,Southern Africa,-22.8,7.6,16.3,-43.8,5.7,32.58,-14.6
291,MZ,Southern Africa,-21.7,7,15.9,-39,10.3,36.86,-11.9
292,MZ,Southern Africa,-23.5,8.6,16.5,-30.4,9.5,38.51,-12
293,MZ,Southern Africa,-23.4,8.1,15.2,-35.8,9.3,37.84,-12
294,BW,Southern Africa,-21.8,9.3,17.9,-32.1,9.6,28.91,-22.2
295,BW,Southern Africa,-21.7,10.6,18.2,-24,8.5,28.91,-22.2
296,BW,Southern Africa,-20.5,11.1,17.8,-42.9,12.8,21.92,-21.72
297,BW,Southern Africa,-21.8,8.7,16.7,-46.2,12,25.13,-17.84
298,ZA,Southern Africa,-20.2,9,17.3,-28.6,16,31.16,-22.83
299,ZA,Southern Africa,-19.1,8.7,17.4,-38.5,15.9,31.45,-23.83
300,MZ,Southern Africa,-23.4,8.7,16.6,-35.4,10,38.52,-12
301,MZ,Southern Africa,-21.5,7.1,16.2,-42.3,10.8,32.1,-14.7
302,MZ,Southern Africa,-21.1,7.4,16.1,-44.6,4.5,38.91,-11.26
303,MZ,Southern Africa,-22.5,6.9,15.7,-35.8,8.4,38.42,-11.55
304,MZ,Southern Africa,-22.9,9.8,16.7,-33.6,8.4,37.7,-12
305,MZ,Southern Africa,-21.9,7.4,17.7,-36.5,8.3,37.84,-12.3
306,MZ,Southern Africa,-22.5,6.7,16.5,-41.6,8.9,37.3,-12
307,MZ,Southern Africa,-22,7.5,15.5,-41.6,8.4,37.84,-12.3
308,MZ,Southern Africa,-22,6.9,16.7,-37.7,10.5,37.85,-11.31
309,ZW,Southern Africa,-19.8,8.8,20.1,-33.1,14.8,31.72,-21.81
310,AO,Southern Africa,-19.7,9.2,17.1,-45.6,8.6,14.21,-17.38
311,AO,Southern Africa,-20.1,12.8,16.4,-47.1,9.4,14.21,-17.38
312,MZ,Southern Africa,-21.1,6.3,15.1,-74.2,8.5,34.34,-18.66
313,MZ,Southern Africa,-18.6,10.7,17.6,-35,13.5,34.34,-18.66
314,MZ,Southern Africa,-19.9,7,15.9,-58.3,7.8,34.34,-18.66
315,MZ,Southern Africa,-20.2,10.6,16.9,-47.6,10.5,34.34,-18.66
316,MZ,Southern Africa,-21.3,7.2,15.4,-55.8,8.4,34.34,-18.66
317,MZ,Southern Africa,-21.4,7.8,15.1,-50.3,8.2,34.34,-18.66
318,BW,Southern Africa,-21.9,11.1,16,-52.4,12,23.34,-19.8
319,BW,Southern Africa,-21.5,9.7,20.2,-36.4,16.4,27.57,-21.65
320,BW,Southern Africa,-20.5,10.1,16.8,-51.9,15.6,27.57,-21.65
321,BW,Southern Africa,-20.6,11.8,21.5,-20.8,15.2,27.57,-21.65
322,BW,Southern Africa,-21.9,8.8,20.1,-32.3,16.7,27.57,-21.65
323,BW,Southern Africa,-21.7,8.2,18.4,-45,18.3,27.57,-21.65
324,BW,Southern Africa,-21.8,8.7,21.1,-36.9,17.8,27.57,-21.65
325,BW,Southern Africa,-20.9,5.9,15.9,-56.1,10,25.13,-17.84
326,BW,Southern Africa,-20.2,9.2,19.3,-39.6,17.3,27.57,-21.65
327,BW,Southern Africa,-20.1,10.2,20.6,-38.1,16.4,27.57,-21.65
328,BW,Southern Africa,-20.5,11.6,18.8,-42.1,14.9,25.13,-17.84
329,BW,Southern Africa,-19.1,10.2,17.6,-38.5,14.6,23.34,-19.8
330,BW,Southern Africa,-20.6,11,15.9,-48,12.8,25.13,-17.84
331,BW,Southern Africa,-20.2,13.9,17.3,-30.4,14.2,23.34,-19.8
332,BW,Southern Africa,-21.4,10,19.5,-39,17,27.57,-21.65
333,BW,Southern Africa,-21.6,11.2,20.9,-38.6,13.5,23.34,-19.8
334,BW,Southern Africa,-21.1,11.3,16.7,-49.5,10.7,23.34,-19.8
335,BW,Southern Africa,-18.9,11.6,20,-30.6,12.6,23.34,-19.8
336,BW,Southern Africa,-21.8,9.3,18.2,-42.1,12.6,25.13,-17.84
337,BW,Southern Africa,-20.9,8.2,18.8,-42.2,12.1,25.13,-17.84
338,BW,Southern Africa,-21.6,10.6,19.7,-33.6,15.4,23.34,-19.8
339,BW,Southern Africa,-21.8,10.2,18.7,-36.8,11.8,25.13,-17.84
340,BW,Southern Africa,-18.6,11,18.1,-40,11.4,23.02,-19.62
341,BW,Southern Africa,-20.7,10,20.3,-40.1,13.7,23.34,-19.8
342,BW,Southern Africa,-16.8,11.4,19.3,-22.3,11.2,28.91,-22.2
343,BW,Southern Africa,-20.5,11.5,17.7,-43.9,13.1,32.36,-19.8
344,BW,Southern Africa,-20.6,7.8,20.6,-37.6,10.5,25.13,-17.84
345,BW,Southern Africa,-20.7,12.2,20.4,-30.5,16.7,27.57,-21.65
346,BW,Southern Africa,-19.7,9.3,18.8,-39.3,9.2,25.13,-17.84
347,BW,Southern Africa,-17.8,9.8,17.8,-46.4,12,25.13,-17.84
348,BW,Southern Africa,-19.8,9.8,17.2,-46.1,11.9,25.13,-17.84
349,BW,Southern Africa,-20.1,11.9,17,-40.7,15.3,27.57,-21.65
350,BW,Southern Africa,-21.3,9.5,19.4,-30.5,14.2,27.57,-21.65
351,BW,Southern Africa,-20.2,8.9,19.6,-28.3,12.9,27.57,-21.65
352,BW,Southern Africa,-21,9.7,16.9,-32.5,10.1,27.57,-21.65
353,BW,Southern Africa,-21.8,11.5,15.9,-36.7,15.4,23.34,-19.8
354,BW,Southern Africa,-20.9,8.6,16.6,-44.5,16.8,23.34,-19.8
355,BW,Southern Africa,-21.8,9.3,17.5,-44.4,13.1,23.34,-19.8
356,BW,Southern Africa,-21.4,9.5,16.5,-49.5,11.7,25.13,-17.84
357,BW,Southern Africa,-21.6,8.5,20.5,-38.1,12.6,25.13,-17.84
358,BW,Southern Africa,-16.1,10.6,16.5,-46.2,11.4,25.13,-17.84
359,BW,Southern Africa,-20.3,11.1,17.7,-37.2,14.9,23.34,-19.8
360,BW,Southern Africa,-19.6,9.6,16.9,-33.7,11,28.91,-22.2
361,BW,Southern Africa,-21.4,9.3,14.8,-26.8,7.3,27.73,-21.87
362,BW,Southern Africa,-20.7,9.7,15.6,-32,7.3,27.73,-21.87
363,BW,Southern Africa,-18,12.2,17.5,-8.2,10.2,28.91,-22.2
364,BW,Southern Africa,-17.9,10.8,18.7,-33.9,13.7,23.34,-19.8
365,BW,Southern Africa,-21,10.1,16.7,-40.1,12.5,25.13,-17.84
366,BW,Southern Africa,-20.2,8.8,17,-40.7,10.6,25.13,-17.84
367,BW,Southern Africa,-20.3,10.9,17.9,-37,12.5,23.34,-19.8
368,BW,Southern Africa,-20.5,8.8,18.6,-50.9,11.7,23.34,-19.8
369,BW,Southern Africa,-21.7,8.8,14.4,-42.3,10.7,27.57,-21.65
370,BW,Southern Africa,-21.3,12.9,16.2,-44.9,11,23.34,-19.8
371,BW,Southern Africa,-20.7,8.5,17.5,-28.1,14.5,23.34,-19.8
372,BW,Southern Africa,-21.3,9.1,21.6,-44.8,13,25.13,-17.84
373,BW,Southern Africa,-20,10.5,19.8,-45.8,16.5,25.13,-17.84
374,BW,Southern Africa,-18.8,9.5,20.5,-37.2,12.9,25.13,-17.84
375,BW,Southern Africa,-19.8,11,19.3,-40.4,11.1,25.13,-17.84
376,BW,Southern Africa,-20.3,9,19.1,-45.6,14.7,25.13,-17.84
377,BW,Southern Africa,-19.3,9.7,16.3,-48.6,13.1,25.13,-17.84
378,BW,Southern Africa,-19.4,10.2,20.7,-29.8,12.9,25.13,-17.84
379,BW,Southern Africa,-16.4,10.2,19.5,-36,12.5,25.13,-17.84
380,BW,Southern Africa,-19.2,9.5,21,-35.4,12.2,23.34,-19.8
381,BW,Southern Africa,-18.4,10,16.9,-34.2,11.8,23.34,-19.8
382,BW,Southern Africa,-20.2,8.6,18.4,-38.8,11.7,25.13,-17.84
383,BW,Southern Africa,-20.9,10,17.9,-35,13.9,21.93,-21.72
384,BW,Southern Africa,-19.5,11.5,19.2,-31.7,11.6,23.34,-19.8
385,BW,Southern Africa,-21.3,9.5,18.4,-39.6,5.5,25.81,-24.72
386,BW,Southern Africa,-20.7,10.9,19.5,-34.4,14,23.34,-19.8
387,BW,Southern Africa,-20.8,10.3,19.7,-29.1,14.4,23.34,-19.8
388,BW,Southern Africa,-20,10.2,17.9,-40.2,11.2,23.34,-19.8
389,BW,Southern Africa,-19.7,10.7,16.8,-39.7,11.5,23.34,-19.8
390,BW,Southern Africa,-20.6,11.2,20,-27,15.6,25.81,-24.72
391,BW,Southern Africa,-20.2,10.8,16.9,-43.9,16.8,23.34,-19.8
392,BW,Southern Africa,-21.2,9.9,16.3,-33.8,8.6,27.73,-21.87
393,BW,Southern Africa,-19.1,12.2,17.2,-30.8,10.1,28.91,-22.2
394,BW,Southern Africa,-21.4,10.2,17.1,-27.7,8,27.73,-21.89
395,BW,Southern Africa,-20.7,9.2,18.7,-38,11.3,28.42,-22
396,BW,Southern Africa,-20.8,9.8,16.8,-45.2,9.9,28.42,-22
397,BW,Southern Africa,-21.4,8.7,18.5,-35,10.7,28.42,-22
398,BW,Southern Africa,-18.6,11.8,18.4,-16.4,11.3,28.91,-22.2
399,BW,Southern Africa,-21.6,10.5,16.9,-33.2,10.5,28.91,-22.2
400,BW,Southern Africa,-20.3,11.2,20.6,-21.6,15.7,23.34,-19.8
401,BW,Southern Africa,-20.5,10,16.9,-43.7,9.9,28.42,-22
402,BW,Southern Africa,-22,9.6,16.3,-34.7,12.2,28.42,-22
403,BW,Southern Africa,-22,9.6,17.2,-34.2,12.9,28.42,-22
404,BW,Southern Africa,-20.4,10.3,18.7,-34.6,11,28.91,-22.2
405,BW,Southern Africa,-19.9,10.9,17.5,-29.9,12.4,28.91,-22.2
406,BW,Southern Africa,-16.5,11.6,19.1,-15,10.7,28.91,-22.2
407,BW,Southern Africa,-18.5,11,19.4,-25.9,10.2,28.91,-22.2
408,BW,Southern Africa,-19.9,11.6,18.9,-27.9,10.7,28.91,-22.2
409,BW,Southern Africa,-18.9,10.8,18.5,-21.8,10.3,28.91,-22.2
410,NAM,Southern Africa,-21,10.1,18.1,-37.4,13.5,20.75,-18.5
411,NAM,Southern Africa,-20.7,8.9,18.2,-34.1,14.7,20.75,-18.5
412,NAM,Southern Africa,-21.3,9.2,17.9,-42,14.7,20.75,-18.5
413,NAM,Southern Africa,-22.5,8.6,15.5,-58.7,10.3,23.02,-17.86
414,ZA,Southern Africa,-21.4,9.4,16.7,-34.9,17.4,32.45,-27
415,MZ,Southern Africa,-23.4,7.9,16.8,-46,8.2,31.86,-14.75
416,MZ,Southern Africa,-23.6,7.7,17.4,-37,11.5,32,-14.75
417,MZ,Southern Africa,-20.8,7.8,16,-45,9.8,32,-14.75
418,ZW,Southern Africa,-22.6,7.9,16.2,-45.9,0.6,26,19
419,NG,West Africa,-15.3,10.4,17.7,-45.6,7.4,7.71,10.4
420,LR,West Africa,-21.4,5.9,18.8,-44.5,9.9,-7.62,5.39
421,LR,West Africa,-26,8,15.2,-59.1,10.5,-9.42,6.68
422,LR,West Africa,-28.5,8.9,14.6,-60.5,7,-9.42,6.68
423,TG,West Africa,-23.7,6.9,18.5,-41.8,6.5,1.1,8.9
424,TG,West Africa,-23.5,7.5,17.8,-41.5,7.6,0.63,8.58
425,TG,West Africa,-23.7,7.7,15,-51.6,7.7,0.63,8.58
426,TG,West Africa,-23,6.8,14.6,-59.1,4.6,0.63,8.58
427,GH,West Africa,-22.8,8.8,14.4,-57.8,8.8,-2.35,7.55
428,GH,West Africa,-23.1,7,15.6,-53.8,9.4,-2.35,7.55
429,CI,West Africa,-21.3,6.7,19.7,-36.6,9.9,4,8
430,CI,West Africa,-20.7,7,19.2,-30.2,7,4,9
431,CI,West Africa,-17.2,7,20.8,-28.5,9.4,3,9
432,BF,West Africa,-20.9,6.2,17.1,-56.4,10.8,-1.48,11.08
433,BF,West Africa,-21.9,4.4,16.2,-58.8,10.1,-1.48,11.08
434,BF,West Africa,-21.8,4.5,16.7,-57.2,10.2,-1.48,11.08
435,BF,West Africa,-22.4,5.8,18.3,-40.4,11.5,0.91,11.28
436,BF,West Africa,-22,6.3,18.1,-49.3,10.5,0.91,11.28
437,BF,West Africa,-21.4,5.2,19.1,-54.6,10,0.91,11.28
438,BF,West Africa,-21.7,5.4,17.4,-58.3,10.5,0.91,11.28
439,BF,West Africa,-20.9,5.3,20.5,-45.8,10,0.91,11.28
440,BF,West Africa,-22.5,5.1,18.7,-46.3,10.4,-1.48,11.08
441,BF,West Africa,-22.7,5.1,20.9,-45.2,11.4,-1.48,11.08
442,BF,West Africa,-22.7,5.1,21.4,-46.5,11.6,-1.48,11.08
443,BF,West Africa,-21.5,6,16.8,-55.5,8.6,0.71,11.46
444,BF,West Africa,-21.7,6.1,16.2,-55,8.7,0.71,11.46
445,BF,West Africa,-21.8,6.2,17,-49.8,7.1,-1.33,12.4
446,BF,West Africa,-20.9,5.5,20.5,-46.7,9.5,0.91,11.28
447,BF,West Africa,-22.7,5.6,20.6,-40.2,9.8,0.91,11.28
448,BF,West Africa,-23.6,5.4,17.6,-53.3,11.2,-1.48,11.08
449,BF,West Africa,-22.6,5,16.7,-55.7,11.2,-1.48,11.08
450,BF,West Africa,-22.7,5.1,21.7,-46.8,11,-1.48,11.08
451,BF,West Africa,-21.9,5.5,19.6,-48.1,10.8,0.71,11.46
452,BF,West Africa,-22.2,5.5,18.8,-46.3,10.4,0.71,11.46
453,BF,West Africa,-21.8,4.7,19,-53.1,9.8,0.71,11.46
454,BF,West Africa,-21.1,5.6,18.4,-49.2,8.1,-1.33,12.4
455,BF,West Africa,-22.3,6.1,15,-55.9,11.5,0.91,11.28
456,BF,West Africa,-22.5,6,15.3,-56.5,11.5,0.91,11.28
457,BF,West Africa,-22.3,5.7,17.8,-60.3,11.2,-1.48,11.08
458,BF,West Africa,-22.9,4.2,19.9,-46.7,9.8,-1.48,11.08
459,BF,West Africa,-22.3,4.8,18.8,-47.3,10.6,-1.48,11.08
460,BF,West Africa,-22.3,4.9,17.5,-54.5,10.7,-1.48,11.08
461,BF,West Africa,-22.4,5.6,18.2,-60.7,11,-1.48,11.08
462,BF,West Africa,-23.2,5.8,20.9,-41.7,9.9,0.91,11.28
463,BF,West Africa,-22.8,7,20.4,-47.5,11,0.91,11.28
464,BF,West Africa,-22.3,5.6,19.2,-41.3,10.3,-1.48,11.08
465,BF,West Africa,-22.1,5.8,18.4,-44.6,10.2,-1.48,11.08
466,BF,West Africa,-21.7,5,17.2,-56,11.7,0.71,11.46
467,BF,West Africa,-21.3,5.1,19,-47.1,10.9,0.71,11.46
468,BF,West Africa,-22,4.9,16.8,-50.9,10.7,0.71,11.46
469,BF,West Africa,-22.2,4.4,17,-45.8,10.2,0.71,11.46
470,BF,West Africa,-22.1,5.5,17.2,-54.8,10.6,0.71,11.46
471,BF,West Africa,-22.4,5.4,19.6,-53,10.3,0.71,11.46
472,BF,West Africa,-22.8,5.7,20.1,-47.1,10.3,0.91,11.28
473,BF,West Africa,-22,5,18.8,-53.8,9.9,-1.48,11.08
474,BF,West Africa,-22.3,4.9,19.8,-53,9.9,-1.48,11.08
475,BF,West Africa,-22.3,5.3,19.2,-34.7,10.2,-1.48,11.08
476,BF,West Africa,-22.9,5.5,18.4,-40.3,10.5,-1.48,11.08
477,BF,West Africa,-22.1,5.1,18.4,-41.1,10,-1.48,11.08
478,BF,West Africa,-21.4,5.7,18.1,-45.8,10.1,-1.48,11.08
479,BF,West Africa,-22.7,5.3,21,-38.2,10,-1.48,11.08
480,BF,West Africa,-22.8,5.2,16.9,-46,10.8,-1.48,11.08
481,BF,West Africa,-22.7,5.1,20.3,-37.6,10.5,-1.48,11.08
482,BF,West Africa,-22.6,4.6,21.5,-36.4,10,-1.48,11.08
483,BF,West Africa,-22.7,4.4,22.7,-32.9,10.3,-1.48,11.08
484,SL,West Africa,-24.4,8.9,13,-66.5,8,-13,8.31
485,SL,West Africa,-23.3,6.8,14.9,-62.7,10.8,-13,8.31
486,NG,West Africa,-21.5,5.6,19.7,-39.2,11.6,6,10
487,NG,West Africa,-21.5,5.6,20,-40.5,10.7,6,10
488,IN,Asia,-22,7.7,15.3,-48.2,10.9,76.1,10.3
489,IN,Asia,-19.8,6.7,15.1,-50.9,7.3,74.9,12.9
490,IN,Asia,-23,8.3,13.7,-66.1,7.5,91.9,23.2
491,ID,Asia,-21.4,8.9,13.4,-66.6,7.1,100.5,-0.8
492,ID,Asia,-21.6,10.7,11.5,-53.1,5.4,100.5,-0.8
493,MY,Asia,-22.5,7.9,11.8,-82.4,7.2,101.6,3.1
494,NP,Asia,-12.6,9.8,12.3,-66.2,4.8,84.3,27.5
495,LK,Asia,-18.6,7.9,14.7,-60.2,8.6,80.8,7.8
